     0/299     1.93G   0.08041   0.03799         0    0.2762  0.008048    0.4026        29       640    0.2937    0.3102    0.2265   0.05925   0.05706   0.01898         0
     1/299     4.59G   0.05524   0.03084         0    0.2514  0.007303    0.3448        34       640    0.5796    0.5674    0.5791    0.2473   0.04373   0.01571         0
     2/299     4.59G   0.04835   0.02908         0    0.2345  0.006524    0.3185        35       640    0.6111     0.637    0.6531    0.3122   0.04018   0.01506         0
     3/299     4.59G   0.04525   0.02797         0     0.224  0.005922    0.3032        37       640    0.6831    0.6588    0.7084    0.3706   0.03739   0.01415         0
     4/299     4.59G   0.04329   0.02759         0     0.217  0.005528    0.2934        38       640    0.7051    0.6962     0.738    0.4022   0.03578   0.01371         0
     5/299     4.59G   0.04177   0.02677         0    0.2113  0.005287    0.2851        36       640    0.7322    0.6927    0.7567    0.4254   0.03432   0.01335         0
     6/299     4.59G    0.0407   0.02626         0    0.2067  0.005135    0.2788        23       640    0.7199    0.7278      0.77    0.4442   0.03338   0.01304         0
     7/299     4.59G   0.04005   0.02596         0    0.2037  0.005029    0.2748        27       640     0.747    0.7327     0.788    0.4645   0.03273   0.01268         0
     8/299     4.59G    0.0396   0.02585         0    0.2013  0.004966    0.2717        22       640    0.7553    0.7338    0.7919    0.4734   0.03222   0.01255         0
     9/299     4.59G   0.03899   0.02547         0    0.1987  0.004898    0.2681        45       640    0.7587    0.7524    0.8016    0.4861   0.03171   0.01232         0
    10/299     4.59G   0.03853   0.02523         0    0.1966  0.004851    0.2652        48       640    0.7721    0.7494     0.806    0.4939   0.03129    0.0122         0
    11/299     4.59G   0.03828   0.02524         0    0.1947  0.004813    0.2631        28       640    0.7459    0.7818    0.8111    0.5013   0.03098   0.01208         0
    12/299     4.59G   0.03806   0.02522         0    0.1935  0.004793    0.2616        41       640    0.7666     0.771    0.8132     0.505   0.03075     0.012         0
    13/299     4.59G   0.03772   0.02481         0    0.1911  0.004753    0.2584        29       640    0.7709      0.77    0.8162    0.5083    0.0305   0.01192         0
    14/299     4.59G   0.03767   0.02482         0    0.1902  0.004738    0.2574        33       640    0.7702     0.776    0.8179    0.5096   0.03035   0.01188         0
    15/299     4.59G   0.03764    0.0249         0    0.1905  0.004737    0.2578        25       640    0.7754    0.7746    0.8195    0.5131   0.03026   0.01185         0
    16/299     4.59G   0.03713   0.02461         0       nan   0.00468       nan        29       640    0.7665    0.7849     0.822    0.5165   0.03015    0.0118         0
    17/299     4.59G   0.03718    0.0247         0    0.1877  0.004678    0.2542        57       640    0.7726    0.7798     0.824     0.518   0.03007   0.01177         0
    18/299     4.59G   0.03711   0.02473         0    0.1873  0.004676    0.2538        29       640    0.7763    0.7774    0.8248    0.5187   0.03002   0.01175         0
    19/299     4.59G   0.03656   0.02426         0    0.1847  0.004641    0.2501        36       640    0.7674    0.7873    0.8255    0.5205   0.02996   0.01174         0
    20/299     4.59G   0.03652   0.02431         0    0.1838  0.004639    0.2493        19       640    0.7784     0.778    0.8261    0.5221   0.02991   0.01173         0
    21/299     4.59G   0.03652   0.02428         0     0.184  0.004633    0.2494        26       640    0.7775    0.7838    0.8281    0.5236   0.02987   0.01172         0
    22/299     4.59G   0.03655   0.02422         0    0.1835  0.004626    0.2489        29       640    0.7755    0.7851    0.8283    0.5242   0.02987   0.01173         0
    23/299     4.59G    0.0364   0.02418         0    0.1826  0.004609    0.2478        26       640    0.7801     0.781    0.8292     0.525   0.02987   0.01175         0
    24/299     4.59G   0.03614   0.02419         0    0.1815  0.004596    0.2464        31       640     0.778     0.784      0.83    0.5253   0.02987   0.01177         0
    25/299     4.59G   0.03605   0.02406         0    0.1804  0.004578    0.2451        42       640    0.7786    0.7851    0.8308     0.526   0.02987   0.01179         0
    26/299     4.59G   0.03588   0.02385         0      0.18  0.004563    0.2443        41       640    0.7757    0.7878    0.8311    0.5271   0.02989   0.01183         0
    27/299     4.59G   0.03577   0.02395         0    0.1791  0.004564    0.2434        23       640    0.7768    0.7872    0.8316    0.5275   0.02989   0.01186         0
    28/299     4.59G   0.03557    0.0238         0    0.1778  0.004546    0.2417        38       640    0.7729    0.7924    0.8323    0.5278   0.02989    0.0119         0
    29/299     4.59G   0.03561    0.0238         0    0.1775  0.004537    0.2415        37       640    0.7768    0.7906    0.8325    0.5286   0.02989   0.01194         0
    30/299     4.59G   0.03567   0.02373         0    0.1773  0.004537    0.2413        32       640     0.789    0.7788    0.8329    0.5299   0.02988   0.01198         0
    31/299     4.59G   0.03568    0.0239         0    0.1775  0.004545    0.2416        37       640    0.7978    0.7719    0.8335    0.5309   0.02989   0.01203         0
    32/299     4.59G    0.0357   0.02384         0    0.1773  0.004548    0.2414        25       640    0.7994    0.7717    0.8341     0.532   0.02988   0.01208         0
    33/299     4.59G   0.03552   0.02369         0    0.1766  0.004533    0.2404        39       640    0.7991    0.7744    0.8356    0.5322   0.02987   0.01213         0
    34/299     4.59G   0.03559   0.02376         0    0.1762  0.004531    0.2401        22       640    0.8055    0.7698    0.8362    0.5327   0.02986   0.01217         0
    35/299     4.59G   0.03562   0.02383         0    0.1764  0.004527    0.2404        38       640    0.8025    0.7716    0.8372     0.534   0.02983    0.0122         0
    36/299     4.59G   0.03579   0.02396         0    0.1772  0.004543    0.2415        32       640    0.7975    0.7768     0.837    0.5347   0.02981   0.01224         0
    37/299     4.59G    0.0353   0.02373         0    0.1748  0.004505    0.2384        44       640    0.7882    0.7876    0.8377    0.5356   0.02977   0.01226         0
    38/299     4.59G   0.03518   0.02352         0    0.1745  0.004506    0.2377        49       640    0.7964    0.7818    0.8386    0.5363   0.02971   0.01227         0
    39/299     4.59G   0.03556   0.02376         0     0.176  0.004523    0.2398        35       640    0.7921    0.7892    0.8396    0.5373   0.02966   0.01227         0
    40/299     4.59G   0.03577   0.02393         0    0.1761   0.00453    0.2404        28       640    0.8033    0.7801     0.839    0.5369   0.02963   0.01227         0
    41/299     4.59G   0.03514    0.0236         0    0.1735  0.004491    0.2367        62       640    0.7951    0.7883    0.8392    0.5377   0.02958   0.01226         0
    42/299     4.59G   0.03525   0.02365         0    0.1741  0.004496    0.2375        38       640    0.7925    0.7923    0.8397    0.5388   0.02951   0.01225         0
    43/299     4.59G   0.03505   0.02345         0    0.1732  0.004477    0.2362        28       640    0.7967     0.791    0.8407    0.5399   0.02943   0.01225         0
    44/299     4.59G   0.03492   0.02354         0    0.1725  0.004482    0.2354        49       640    0.7983    0.7888    0.8411    0.5412   0.02935   0.01223         0
    45/299     4.59G   0.03513   0.02359         0    0.1737  0.004496    0.2369        40       640    0.8043    0.7854    0.8424    0.5427   0.02927    0.0122         0
    46/299     4.59G   0.03504   0.02362         0    0.1728  0.004475    0.2359        22       640    0.8051    0.7855    0.8437    0.5438   0.02919   0.01216         0
    47/299     4.59G   0.03529   0.02373         0    0.1743  0.004496    0.2378        27       640    0.8146    0.7777    0.8444    0.5452   0.02912   0.01213         0
    48/299     4.59G   0.03473   0.02333         0     0.171   0.00445    0.2335        42       640    0.8085    0.7872    0.8454    0.5462   0.02903    0.0121         0
    49/299     4.59G   0.03477   0.02344         0    0.1719  0.004462    0.2346        38       640     0.812     0.786    0.8463    0.5474   0.02893   0.01206         0
    50/299     4.59G   0.03518   0.02364         0    0.1734   0.00448    0.2368        28       640     0.817    0.7835    0.8467     0.549   0.02884   0.01202         0
    51/299     4.59G   0.03495    0.0235         0    0.1724  0.004469    0.2353        49       640    0.8175    0.7845     0.848    0.5507   0.02876   0.01196         0
    52/299     4.59G   0.03529   0.02364         0    0.1738  0.004481    0.2372        34       640    0.8218    0.7804     0.848    0.5507    0.0287   0.01191         0
    53/299     4.59G   0.03476   0.02341         0    0.1712  0.004455    0.2339        33       640    0.8219    0.7831    0.8496    0.5528   0.02862   0.01186         0
    54/299     4.59G     0.035   0.02363         0    0.1726  0.004466    0.2357        42       640    0.8174    0.7881    0.8504    0.5544   0.02855   0.01182         0
    55/299     4.59G   0.03465   0.02316         0    0.1711   0.00445    0.2334        32       640    0.8109    0.7963    0.8511    0.5562   0.02847   0.01177         0
    56/299     4.59G   0.03453   0.02332         0    0.1698  0.004435    0.2321        36       640    0.8126    0.7992    0.8525     0.558   0.02838   0.01172         0
    57/299     4.59G   0.03487   0.02343         0    0.1718  0.004461    0.2346        37       640    0.8077     0.802    0.8522    0.5586   0.02832   0.01167         0
    58/299     4.59G     0.035   0.02342         0    0.1726  0.004455    0.2355        38       640    0.8011    0.8081    0.8529    0.5587   0.02827   0.01162         0
    59/299     4.59G   0.03449   0.02317         0      0.17  0.004434    0.2321        26       640    0.8023    0.8062    0.8533    0.5601    0.0282   0.01158         0
    60/299     4.59G   0.03471   0.02325         0     0.171  0.004441    0.2334        24       640    0.8171    0.7941     0.854    0.5612   0.02813   0.01155         0
    61/299     4.59G   0.03445   0.02324         0     0.169  0.004421    0.2311        30       640    0.8204    0.7916    0.8545    0.5632   0.02806    0.0115         0
    62/299     4.59G   0.03452    0.0233         0    0.1697  0.004421    0.2319        51       640    0.8239    0.7888    0.8548    0.5635     0.028   0.01146         0
    63/299     4.59G   0.03441   0.02322         0    0.1689  0.004405    0.2309        29       640    0.8156    0.7964    0.8555    0.5642   0.02793   0.01141         0
    64/299     4.59G   0.03434   0.02324         0    0.1688  0.004417    0.2308        23       640    0.8157    0.7977    0.8567    0.5652   0.02786   0.01137         0
    65/299     4.59G   0.03433   0.02324         0    0.1686  0.004415    0.2306        35       640    0.8255    0.7906    0.8569    0.5657    0.0278   0.01133         0
    66/299     4.59G   0.03458   0.02345         0      0.17  0.004419    0.2325        27       640     0.814    0.8034    0.8579    0.5662   0.02775    0.0113         0
    67/299     4.59G   0.03448   0.02335         0    0.1693  0.004419    0.2316        24       640     0.821    0.7964    0.8578    0.5662   0.02771   0.01126         0
    68/299     4.59G    0.0343   0.02311         0    0.1686  0.004418    0.2304        29       640    0.8201    0.7967    0.8576    0.5673   0.02766   0.01123         0
    69/299     4.59G   0.03461   0.02342         0    0.1704  0.004419    0.2328        34       640    0.8134    0.8049    0.8581    0.5679   0.02763    0.0112         0
    70/299     4.59G   0.03442   0.02323         0    0.1691  0.004414    0.2312        41       640     0.815    0.8025    0.8576    0.5683   0.02759   0.01117         0
    71/299     4.59G   0.03462   0.02345         0    0.1711  0.004423    0.2336        29       640    0.8197    0.7981    0.8581    0.5687   0.02755   0.01114         0
    72/299     4.59G    0.0344   0.02328         0    0.1694  0.004412    0.2314        45       640    0.8239    0.7942    0.8577    0.5696   0.02751   0.01112         0
    73/299     4.59G   0.03417   0.02309         0     0.168  0.004399    0.2297        21       640    0.8228    0.7982     0.858    0.5702   0.02746   0.01109         0
    74/299     4.59G   0.03432   0.02309         0    0.1684  0.004401    0.2302        28       640    0.8191    0.8012    0.8588    0.5707   0.02741   0.01106         0
    75/299     4.59G   0.03432   0.02312         0    0.1685  0.004395    0.2304        28       640    0.8136    0.8045    0.8587    0.5717   0.02736   0.01104         0
    76/299     4.59G     0.034   0.02314         0    0.1668  0.004382    0.2283        31       640    0.8172    0.8026    0.8594    0.5718   0.02732   0.01102         0
    77/299     4.59G    0.0342   0.02313         0    0.1682  0.004393    0.2299        31       640    0.8146    0.8061    0.8598    0.5728   0.02726   0.01099         0
    78/299     4.59G   0.03424   0.02308         0    0.1682  0.004392    0.2299        33       640     0.815    0.8058    0.8605    0.5734   0.02722   0.01097         0
    79/299     4.59G   0.03416   0.02299         0    0.1676  0.004373    0.2291        32       640    0.8158    0.8042    0.8611    0.5738   0.02718   0.01095         0
    80/299     4.59G   0.03398   0.02301         0    0.1665  0.004371    0.2278        24       640    0.7957    0.8246    0.8616    0.5744   0.02713   0.01093         0
    81/299     4.59G   0.03394   0.02301         0    0.1665  0.004376    0.2278        28       640    0.8212    0.7983    0.8619    0.5753   0.02709   0.01092         0
    82/299     4.59G   0.03399   0.02302         0    0.1665  0.004371    0.2279        34       640    0.8284    0.7918     0.862    0.5757   0.02705   0.01091         0
    83/299     4.59G   0.03395   0.02308         0    0.1666  0.004377     0.228        37       640    0.8068    0.8148    0.8622    0.5762   0.02702   0.01089         0
    84/299     4.59G     0.034   0.02292         0    0.1671  0.004368    0.2284        42       640    0.8162    0.8045    0.8616    0.5757     0.027   0.01088         0
    85/299     4.59G   0.03409   0.02303         0    0.1671   0.00437    0.2286        33       640    0.8143    0.8093    0.8624    0.5766   0.02697   0.01087         0
    86/299     4.59G   0.03395   0.02297         0    0.1667  0.004367     0.228        25       640    0.8143    0.8086    0.8624    0.5769   0.02693   0.01085         0
    87/299     4.59G   0.03427   0.02328         0    0.1685  0.004383    0.2304        40       640    0.8066    0.8192    0.8635    0.5772   0.02692   0.01084         0
    88/299     4.59G   0.03383   0.02292         0    0.1656  0.004357    0.2267        31       640    0.8121     0.814     0.864    0.5781    0.0269   0.01083         0
    89/299     4.59G   0.03393   0.02301         0    0.1667  0.004362     0.228        38       640    0.8181    0.8087    0.8639    0.5779   0.02688   0.01082         0
    90/299     4.59G   0.03395   0.02295         0    0.1662  0.004359    0.2275        37       640    0.8194    0.8084    0.8641    0.5784   0.02686   0.01081         0
    91/299     4.59G   0.03388   0.02294         0    0.1665  0.004365    0.2277        42       640    0.8207    0.8061     0.864    0.5786   0.02684   0.01081         0
    92/299     4.59G   0.03394   0.02298         0    0.1662  0.004359    0.2275        39       640    0.8206    0.8068    0.8637    0.5791   0.02682    0.0108         0
    93/299     4.59G     0.034   0.02301         0    0.1665  0.004357    0.2279        22       640    0.8255    0.8015    0.8642    0.5793   0.02678   0.01078         0
    94/299     4.59G   0.03382   0.02291         0    0.1657   0.00433    0.2268        32       640    0.8194    0.8092    0.8645    0.5795   0.02676   0.01078         0
    95/299     4.59G   0.03385     0.023         0    0.1655   0.00435    0.2267        27       640    0.8247    0.8038    0.8647    0.5804   0.02673   0.01076         0
    96/299     4.59G   0.03366   0.02287         0    0.1649  0.004328    0.2258        45       640    0.8301    0.7988    0.8648    0.5803   0.02671   0.01076         0
    97/299     4.59G   0.03367   0.02283         0    0.1648  0.004326    0.2256        28       640    0.8108    0.8185     0.865    0.5808   0.02668   0.01075         0
    98/299     4.59G   0.03365   0.02282         0    0.1651  0.004324    0.2259        30       640    0.8089     0.821    0.8651    0.5813   0.02666   0.01074         0
    99/299     4.59G   0.03379   0.02286         0    0.1658  0.004346    0.2268        35       640    0.8125    0.8173    0.8648    0.5812   0.02665   0.01073         0
   100/299     4.59G    0.0336   0.02273         0    0.1643  0.004327    0.2249        35       640    0.8114    0.8177    0.8648     0.581   0.02663   0.01073         0
   101/299     4.59G   0.03357   0.02277         0    0.1645   0.00432    0.2252        62       640    0.8146    0.8144     0.865    0.5808   0.02662   0.01072         0
   102/299     4.59G   0.03348   0.02276         0     0.164  0.004311    0.2245        31       640    0.8186    0.8125    0.8655    0.5815   0.02659   0.01071         0
   103/299     4.59G   0.03345   0.02281         0    0.1636  0.004323    0.2242        24       640    0.8024    0.8292    0.8653    0.5817   0.02657    0.0107         0
   104/299     4.59G   0.03351   0.02272         0    0.1637   0.00432    0.2243        36       640    0.8056    0.8268    0.8652     0.582   0.02654   0.01069         0
   105/299     4.59G   0.03391   0.02299         0    0.1668  0.004339     0.228        23       640     0.804    0.8285    0.8655    0.5816   0.02653   0.01069         0
   106/299     4.59G   0.03388   0.02294         0    0.1661  0.004333    0.2272        17       640    0.8058     0.827     0.865    0.5828   0.02652   0.01069         0
   107/299     4.59G   0.03359   0.02275         0     0.165  0.004321    0.2257        22       640    0.8069    0.8259    0.8651    0.5831   0.02651   0.01069         0
   108/299     4.59G   0.03342    0.0227         0    0.1642  0.004308    0.2246        28       640    0.8043    0.8268    0.8645    0.5837    0.0265   0.01068         0
   109/299     4.59G    0.0333   0.02258         0    0.1626  0.004299    0.2227        24       640    0.8061    0.8249    0.8653    0.5835   0.02648   0.01067         0
   110/299     4.59G   0.03329   0.02266         0     0.163  0.004302    0.2232        29       640     0.817    0.8125    0.8655    0.5837   0.02646   0.01066         0
   111/299     4.59G   0.03332   0.02264         0    0.1635  0.004289    0.2237        32       640    0.8139    0.8161    0.8661    0.5838   0.02644   0.01065         0
   112/299     4.59G   0.03322   0.02263         0    0.1626  0.004298    0.2228        27       640    0.8187    0.8118    0.8664    0.5845   0.02642   0.01064         0
   113/299     4.59G   0.03342   0.02275         0     0.164  0.004301    0.2245        33       640    0.8231    0.8089    0.8662    0.5845   0.02641   0.01064         0
   114/299     4.59G   0.03338   0.02274         0    0.1634  0.004291    0.2238        24       640    0.8229    0.8105    0.8665     0.585    0.0264   0.01063         0
   115/299     4.59G   0.03343   0.02275         0    0.1634  0.004285    0.2239        39       640    0.8257     0.809    0.8668    0.5851   0.02639   0.01063         0
   116/299     4.59G   0.03334   0.02262         0    0.1633   0.00429    0.2236        30       640    0.8232     0.813    0.8666    0.5857   0.02637   0.01062         0
   117/299     4.59G   0.03319    0.0226         0     0.162  0.004281    0.2221        33       640    0.8177    0.8161    0.8666     0.586   0.02635   0.01062         0
   118/299     4.59G   0.03331   0.02276         0    0.1632  0.004276    0.2236        44       640    0.8211    0.8122    0.8663     0.586   0.02633   0.01061         0
   119/299     4.59G   0.03334   0.02266         0    0.1632  0.004288    0.2235        35       640    0.8073    0.8259    0.8663    0.5861   0.02632    0.0106         0
   120/299     4.59G   0.03343   0.02275         0    0.1637  0.004282    0.2241        34       640    0.8065    0.8275    0.8665    0.5866   0.02631    0.0106         0
   121/299     4.59G   0.03309   0.02257         0     0.162  0.004265    0.2219        20       640    0.8058    0.8296    0.8674    0.5871   0.02631    0.0106         0
   122/299     4.59G   0.03314   0.02252         0    0.1629  0.004267    0.2228        17       640     0.805    0.8301    0.8676    0.5879   0.02629   0.01059         0
   123/299     4.59G   0.03339   0.02274         0    0.1632  0.004278    0.2236        36       640    0.8056    0.8312    0.8676     0.588   0.02628   0.01059         0
   124/299     4.59G   0.03351   0.02303         0    0.1642  0.004296     0.225        33       640    0.8027    0.8338    0.8677     0.588   0.02627   0.01059         0
   125/299     4.59G   0.03304   0.02257         0     0.162  0.004257    0.2218        16       640    0.7964    0.8424     0.868    0.5886   0.02625   0.01058         0
   126/299     4.59G   0.03295   0.02237         0    0.1609   0.00426    0.2205        35       640    0.7987    0.8383     0.868    0.5887   0.02623   0.01057         0
   127/299     4.59G   0.03319   0.02266         0    0.1625  0.004255    0.2226        37       640    0.8016     0.834    0.8677    0.5884   0.02621   0.01057         0
   128/299     4.59G   0.03295   0.02252         0    0.1607  0.004255    0.2204        21       640    0.8339     0.802    0.8679    0.5894   0.02618   0.01056         0
   129/299     4.59G   0.03295   0.02252         0    0.1609  0.004242    0.2206        38       640    0.7997    0.8361    0.8682      0.59   0.02615   0.01055         0
   130/299     4.59G   0.03285   0.02248         0    0.1607  0.004249    0.2203        27       640     0.812    0.8256    0.8692    0.5905   0.02612   0.01055         0
   131/299     4.59G    0.0327   0.02238         0    0.1596   0.00422    0.2189        37       640    0.8115    0.8268    0.8699    0.5907    0.0261   0.01054         0
   132/299     4.59G   0.03285    0.0224         0    0.1611  0.004241    0.2206        49       640    0.8159    0.8241    0.8705    0.5907   0.02608   0.01053         0
